10 -------- 40 -------- 70 -------- 100 -------- 130 -------- 160 -------- 190 -------- 220
      100   ||    400   ||    700   | |   1000   | |   1300   | |   1600         1900
           4||          ||          | |          | |          | |
           0||          ||          | |          | |          | |
           1||5         ||          | |          | |          | |
            ||0         ||          | |          | |          | |
            ||1         ||          | |          | |          | |
            ||          ||          | |          | |          | |
20 ======== 50 ======== 80 ======== 110 ======== 140 ======== 170 ======== 200 ======== 230
      200   ||    500   ||    800   | |   1100   | |   1400   | |   1700         2000
           5||          ||          | |          | |          | |
           0||          ||          | |          | |          | |
           2||6         ||          | |          | |          | |
            ||0         ||          | |          | |          | |
            ||1         ||          | |          | |          | |
            ||          ||          | |          | |          | |
30 -------- 60 -------- 90 -------- 120 -------- 150 -------- 180 -------- 210 -------- 240
      300         600         900         1200         1500         1800         2100
